0.100000 0.99999990777012204290 0.00000671009894342703 5.62499895834490715174 0.00007605573693757620 0.00236932100960984783 0.00000184424152394058 0.00000000000000000000
0.200000 0.99999989691954815907 0.00000709376661054972 5.62499881728744721698 0.00008176086685411429 0.00068452754931058724 0.00000103058482636698 0.00000000000000000000
0.300000 0.99999991862069592674 0.00000630311192300349 5.62499911025294174749 0.00006935353248622333 0.00021890446078032250 0.00000054243628255790 0.00000000000000000000
0.400000 0.99999988064368727780 0.00000763316981918033 5.62499863282769041462 0.00008769846722308029 0.00019689014152390880 0.00000059663648244168 0.00000000000000000000
0.500000 0.99999985351725262372 0.00000845595930496170 5.62499852432195179830 0.00008745472081597164 0.00012531020911410451 0.00000058575460570864 0.00000000000000000000
0.600000 0.99999963108048794957 0.00001341642497025480 5.62499705949447825759 0.00011116290220280799 0.00014059737117754089 0.00000122880313332037 0.00000000000000000000
0.700000 0.99999775935649326541 0.00003300066278233806 5.62498264993236229969 0.00026083380743778393 0.00056871100167306713 0.00000637246167960776 0.00000000000000000000
0.800000 0.99999143347191976616 0.00006517086007826791 5.62492955807435457416 0.00054525861218942965 0.00190276450666715413 0.00002174587393710681 0.00000000000000000000
0.900000 0.99997295494459781384 0.00011628924528499407 5.62476900213261554740 0.00100747617920734188 0.00513268370227313447 0.00006154553375381511 0.00000000000000000000
1.000000 0.99992563559189617806 0.00019348161294498219 5.62434514616504266371 0.00172044654385892929 0.01212389912689105023 0.00015333431110775567 0.00000000000000000000
1.100000 0.99982930419696725011 0.00029690122100018481 5.62345351110682134532 0.00269926367256953384 0.02466409573233340619 0.00032823979298965162 0.00000000000000000000
1.200000 0.99965081225659990771 0.00042489482713360877 5.62177947371765274198 0.00393038747989979051 0.04394082344434638299 0.00061622822954632284 0.00000000000000000000
1.300000 0.99934587857877965611 0.00058966552562725381 5.61887732497416703126 0.00550571471729562056 0.07346841187551120256 0.00109553957687379654 0.00000000000000000000
1.400000 0.99886653820165882678 0.00077851660970571987 5.61426618914303698915 0.00733491476250355996 0.11243305706724342208 0.00177324064647369330 0.00000000000000000000
1.500000 0.99815969926723036032 0.00100750214223116648 5.60743092437861800903 0.00951753406313669836 0.16490214676337516808 0.00277179205386346396 0.00000000000000000000
1.600000 0.99715707368876460581 0.00126172999708110698 5.59771193514516518519 0.01189843388225072900 0.22651636616046735839 0.00407542421896778164 0.00000000000000000000
1.700000 0.99579911894208117396 0.00156007851088519733 5.58456594405895501154 0.01467716767173086849 0.30531392786829075758 0.00586413468039715963 0.00000000000000000000
1.800000 0.99401316330860212123 0.00189115143847718554 5.56732262436667380001 0.01765834864434556728 0.39419863146857664349 0.00813841923016095717 0.00000000000000000000
1.900000 0.99171324311674313723 0.00224249578646482442 5.54520739700114440041 0.02081643145855926677 0.49166048788581623308 0.01084100683951155775 0.00000000000000000000
2.000000 0.98881290099380836356 0.00265070541881471571 5.51752704049816156129 0.02435941834273724904 0.60762241228439939356 0.01438973791709940650 -0.03569762450505065132
2.100000 0.98523055690006222651 0.00312146973610241078 5.48367986883479030524 0.02831531842506362223 0.74467068634290523033 0.01900460775795224586 -0.03938347246555951031
2.200000 0.98088421847396145559 0.00362515371456361476 5.44309193005494407203 0.03234003085596032917 0.88510632897753127590 0.02446752945657366257 -0.04064958784267824754
2.300000 0.97569732949147791601 0.00416838964455073027 5.39525789123176391371 0.03660800593157532978 1.03766321712296694102 0.03094344967354591830 -0.02851743501648074108
2.400000 0.96954660573215856179 0.00478078000275876901 5.33938681063265985216 0.04117949827400827628 1.20586743331487933339 0.03900733002202134286 -0.03936956464626928387
2.500000 0.96231573989455676532 0.00544997201111457712 5.27500986751188882806 0.04589449051150449460 1.38038755938177826188 0.04866407616009381376 -0.03110178830962362362
2.600000 0.95387269677038311055 0.00623484514638741709 5.20141209585518460301 0.05109720598692624877 1.58200393296003483101 0.06124038931602624608 -0.03830038332175700333
2.700000 0.94403793733889063144 0.00703559262664581967 5.11713562340626726410 0.05609771886431652588 1.76816513539786512865 0.07509267131067810797 -0.03500773153753966582
2.800000 0.93275007990362601706 0.00795661165011816475 5.02328027518444208965 0.06157442596422107312 1.98081825061790772757 0.09261007572230739449 -0.04537207500772222346
2.900000 0.91983177725976650319 0.00902883726877986084 4.91854604393284500219 0.06764638155345896464 2.22870759941535157012 0.11513983459908240514 -0.01993214596115144843
3.000000 0.90485744277320534490 0.01022634990375853765 4.80117455075151955413 0.07353092604679874189 2.46069342904310017772 0.14278414657413418531 0.00000000000000000000
3.100000 0.88797788314504844109 0.01148761328692432526 4.67245779517380377399 0.07963135114833967687 2.70274286608416902666 0.17436441967308169421 0.00000000000000000000
3.200000 0.86859642531749647887 0.01306093283553059863 4.53132901387901210200 0.08644084485944121543 2.98880786400559106397 0.21835259716382882100 0.00000000000000000000
3.300000 0.84633646214694835397 0.01476465523956714890 4.37547432198670005477 0.09265973735354446350 3.22934316718534475399 0.27057809140304994733 0.00000000000000000000
3.400000 0.82098557737379307397 0.01704191293463654111 4.20666233048799487193 0.10049845651100386412 3.57866377694130921583 0.34987887010241602859 0.00000000000000000000
3.500000 0.79184323624702779298 0.01927529810506960900 4.02290705884517940660 0.10625516511993816915 3.77506088405462270075 0.43480458039799202430 0.00000000000000000000
3.600000 0.75793568656528820249 0.02243247702405833099 3.82284279957653261306 0.11407678471623160232 4.11291269094508660231 0.57254801116149156570 0.00000000000000000000
3.700000 0.71880725305309112194 0.02592614597427658762 3.60763297291488438390 0.12113631621206145950 4.39041147580973412090 0.74410487152584392501 0.00000000000000000000
3.800000 0.67282305804241060443 0.03127119353292293763 3.37574625906934366881 0.13048740127981231507 4.82980858121466916089 1.05405983795040558704 0.00000000000000000000
3.900000 0.61793047677074419699 0.03771717984447500727 3.12740576754008303695 0.13852697654998269439 5.16772559885584303885 1.49407970374416665393 0.00000000000000000000
4.000000 0.55187757570922824080 0.04771819960819499024 2.86326704659878794601 0.14763072190865975108 5.57947649312563420665 2.33167521161988045009 0.00000000000000000000
4.100000 0.46650277562020142641 0.06318883961945706562 2.57608078443225618770 0.15397867225168807015 5.77714642821991297694 3.98893400908521833514 0.00000000000000000000
4.200000 0.34320231728328021159 0.10059895388334018362 2.27212059839960112129 0.16358854944595760394 6.21394164037834073611 9.86955534377194432238 0.00000000000000000000
4.300000 0.20395929520053943107 0.10675696921401746364 2.00000615227539135788 0.14291849064879447173 4.52480511597478773922 10.85635319737764881154 0.00000000000000000000
4.400000 0.12217624122752802907 0.08204031152432565699 1.82228101111376550314 0.11327972453274859355 2.71493204421086176126 6.26558856378963735523 0.00000000000000000000
4.500000 0.08782091548809180248 0.06264803391845853719 1.70761082255336060776 0.09890361960604990288 1.97860586557757933690 3.57241847248061539233 0.00000000000000000000
4.600000 0.06939084682913244928 0.05130419455215227270 1.62062565624270837894 0.08997911624595633651 1.56721193819527471192 2.34373153715875925940 0.00000000000000000000
4.700000 0.05864504066274263405 0.04366769608584031986 1.54759126808313229873 0.08426863538427227518 1.31672825339177679282 1.66181489855319330928 0.00000000000000000000
4.800000 0.05142270337621248494 0.03847467382610626069 1.48555211365707040549 0.08051610668737969878 1.15250549974995797342 1.26318978220822741854 0.00000000000000000000
4.900000 0.04681547375168053360 0.03537841978188849268 1.43177018085215723708 0.07774491377909806267 1.03112605370493315426 1.04626266802762768471 0.00000000000000000000
5.000000 0.04249355454210231031 0.03207634390929801210 1.38238561672231430322 0.07521044425115301635 0.92677913386283827801 0.84286819417092917472 0.00000000000000000000
5.100000 0.03967355549348063060 0.02993436580866990632 1.33822993329588002531 0.07320181591609306593 0.84384621205621013207 0.71966419334908293681 0.00000000000000000000
5.200000 0.03735667585464327867 0.02826366751119388510 1.29751467388209573706 0.07183325520571311185 0.78163564359939241566 0.62923610677824370896 0.00000000000000000000
5.300000 0.03557876592169809116 0.02678543168152327375 1.26010949053691079236 0.07019999261888285047 0.71859194002417936531 0.55447424511269760572 0.00000000000000000000
5.400000 0.03390550977384973463 0.02566435425786404989 1.22566725170067547523 0.06883572341360294500 0.66557988772332354888 0.49960510917074113513 0.00000000000000000000
5.500000 0.03227598686403484324 0.02437350397193853782 1.19327689978791906533 0.06810384560933901987 0.62802631374061845815 0.44241841496071754314 0.00000000000000000000
5.600000 0.03125057508041577392 0.02357460647934631406 1.16363937102087744435 0.06688253842201112576 0.58426435210080651661 0.40650025739413037096 0.00000000000000000000
5.700000 0.03015630012965133874 0.02275222259174774359 1.13444142070296449809 0.06596721175046263430 0.54861350307879486188 0.37199127021276023886 0.00000000000000000000
5.800000 0.02928130442647859308 0.02214902875690513001 1.10803752571151981066 0.06504450138183699714 0.51513983969703747157 0.34645060846289099654 0.00000000000000000000
5.900000 0.02844577226051655042 0.02144564455286645729 1.08271458659139896419 0.06445557633507273398 0.48885146019912317783 0.31929060771172923516 0.00000000000000000000
6.000000 0.02757770464876779098 0.02083920177544813790 1.05897383475253059615 0.06403756943857141781 0.46658108297669548259 0.29646324438209953334 0.00000000000000000000
6.100000 0.02697695720047554868 0.02028563677415706756 1.03579662916939807538 0.06339402010306954827 0.44238140582255031097 0.27631687131608312358 0.00000000000000000000
6.200000 0.02624283992330640747 0.01981694330414056696 1.01418588838596246404 0.06270075834918470425 0.41891137772157882591 0.25944278175844553980 0.00000000000000000000
6.300000 0.02579310533702403388 0.01945882131362505416 0.99392368947636688947 0.06257078006720712127 0.40403779074387141668 0.24617982499146867648 0.00000000000000000000
6.400000 0.02521654924320285499 0.01901159950781423913 0.97388407923939734889 0.06196823067862698708 0.38400616134395348933 0.23132218614113475574 0.00000000000000000000
6.500000 0.02472069429263286031 0.01872193517467557120 0.95541321242263976821 0.06145868116591637897 0.36618428955545212489 0.22087576445857781682 0.00000000000000000000
6.600000 0.02417487787462083842 0.01830603007237143268 0.93815855388065128029 0.06125566725276932606 0.35282928678383590482 0.20797175436292197892 0.00000000000000000000
6.700000 0.02383554787759302809 0.01803228603163043245 0.92052212874718053470 0.06108914312499303528 0.34051669499058090373 0.19878642368666937790 0.00000000000000000000
6.800000 0.02339653908359351497 0.01765675494508465310 0.90365656093404522764 0.06062667449158455624 0.32558891935522177308 0.18779015239726487563 0.00000000000000000000
6.900000 0.02307384844161453757 0.01739336111894759090 0.88858706691453426263 0.05993251332820553196 0.30902011354989245007 0.17958823610345331367 0.00000000000000000000
7.000000 0.02280630584139342956 0.01714851448116964244 0.87280604651267768013 0.05988076085214651817 0.29973571042592156433 0.17207386633414090138 0.00000000000000000000
7.100000 0.02235194348535016196 0.01692405244486728730 0.85838483088035133495 0.05940921708799637435 0.28678135265295762180 0.16523815007570571978 0.00000000000000000000
7.200000 0.02209008116055654822 0.01670108317398034253 0.84405861202236642793 0.05909398984231835350 0.27591898354441751762 0.15867800415812816084 0.00000000000000000000
7.300000 0.02197055123866679255 0.01652346981936042222 0.83044914952333859226 0.05911342612439070276 0.26858792867102554425 0.15319323626752145984 0.00000000000000000000
7.400000 0.02165519015934545127 0.01635875922399977755 0.81748814987125140163 0.05872543386270861338 0.25795798541563874640 0.14812519969144288812 0.00000000000000000000
7.500000 0.02139626834007399975 0.01612756451818219902 0.80444674746669486698 0.05880383436189968310 0.25179593373280889645 0.14204837193762395731 0.00000000000000000000
7.600000 0.02116446210493494462 0.01593810680417114684 0.79227668954719943084 0.05836835218506070816 0.24159482587828767786 0.13690516129747101748 0.00000000000000000000
7.700000 0.02094268722535027466 0.01577020912966168448 0.78019266582801860554 0.05810069102358535881 0.23320673736253519359 0.13229521241407971033 0.00000000000000000000
7.800000 0.02075751675675825692 0.01567975917003443243 0.76939032274641394604 0.05818381738391495417 0.22791618434539967497 0.12910531485815687769 0.00000000000000000000
7.900000 0.02046890776734425210 0.01544782914766755673 0.75814821675592491967 0.05762447390158843830 0.21793135153041456875 0.12372793700483056267 0.00000000000000000000
8.000000 0.02031195964142065019 0.01531442282864842012 0.74775886821743642319 0.05765330068242383033 0.21272979709299089102 0.12008015184620964011 0.00000000000000000000
8.100000 0.02023106318783958121 0.01523366668913008447 0.73638506881173537710 0.05734640861984992288 0.20530633961610020299 0.11735019813066875638 0.00000000000000000000
8.200000 0.02004202991494538968 0.01516655091233474334 0.72628509422811970975 0.05721980934800979107 0.19944587387188233985 0.11489992632891553315 0.00000000000000000000
8.300000 0.01983736639037344054 0.01500538234138549566 0.71607435698631127785 0.05738091283962135775 0.19576663191218646176 0.11111584346613588570 0.00000000000000000000
8.400000 0.01959317965043444118 0.01479751603800948286 0.70699037588818458566 0.05716932092239417756 0.18972625877784424220 0.10677222687458656769 0.00000000000000000000
8.500000 0.01956359556074377046 0.01483358525125444936 0.69820766097390585259 0.05687648258213857250 0.18339502800931845039 0.10603110467763930680 0.00000000000000000000
8.600000 0.01941508918130076256 0.01466815305130236662 0.68875877507611027450 0.05674493268786131445 0.17832704613347327705 0.10247368700972354916 0.00000000000000000000
8.700000 0.01929929185682659198 0.01458871011612794880 0.68007620010819325174 0.05661345261228786091 0.17344457704236673767 0.10020156044178035737 0.00000000000000000000
8.800000 0.01913193803054966113 0.01441817678003242190 0.67116943058271572031 0.05667362568641950288 0.16988561181854675008 0.09676046971823311360 0.00000000000000000000
8.900000 0.01901724203932456461 0.01436327145760907600 0.66288470275677491284 0.05631222476020922990 0.16397789457002884261 0.09494600115601220525 0.00000000000000000000
9.000000 0.01884356775376106949 0.01424295954436237931 0.65510493893817844935 0.05665683657907344406 0.16232281789113059411 0.09232470315569778208 0.00000000000000000000
9.100000 0.01881404334222675293 0.01416062074606137464 0.64651907513527628879 0.05610967781413093297 0.15572298259008923726 0.09025746647547912282 0.00000000000000000000
9.200000 0.01855971131570760199 0.01402561081206833878 0.63841120081304647549 0.05577668814353449467 0.15055311317709735297 0.08758216733010749933 0.00000000000000000000
9.300000 0.01854305568479794677 0.01402138549646046381 0.63148389063038190550 0.05628590628922427314 0.15003527458538709616 0.08658822936349276633 0.00000000000000000000
9.400000 0.01843669835960156170 0.01391398494660525849 0.62444819406520479799 0.05598031803520767125 0.14526967458120240706 0.08435972448707348970 0.00000000000000000000
9.500000 0.01828417184253508174 0.01382174820722830225 0.61760863247352804084 0.05593920690563769504 0.14201863916203072424 0.08236871615499605226 0.00000000000000000000
9.600000 0.01827554563629848680 0.01379761584480028967 0.60999342845843385064 0.05570089151111016351 0.13789285845033227851 0.08122632661362533257 0.00000000000000000000
9.700000 0.01805682519326174199 0.01366127504850501995 0.60298620379912448719 0.05558569813089721257 0.13450629451716539231 0.07880806862421770032 0.00000000000000000000
9.800000 0.01802417039116232036 0.01358971887979227786 0.59672345871504206549 0.05555614260231778179 0.13163517785878628419 0.07718889398095749033 0.00000000000000000000
9.900000 0.01797386170535605204 0.01359563175746473195 0.59038856816521478876 0.05547283298509193133 0.12860274846147623506 0.07647571383992482486 0.00000000000000000000
10.000000 0.01789728920546716090 0.01353152257423050758 0.58408887687706245728 0.05540409143021599730 0.12573136270162924011 0.07499862146126240470 0.00000000000000000000
