0.100000 0.99999986979311339397 0.00002255224411670639 5.99999843751736072761 0.00027062691955468895 0.00374983319488819602 0.00000260405101926153 0.00000000000000000000
0.200000 0.99999986979311339397 0.00002255224411670639 5.99999843751736072761 0.00027062691955468895 0.00093745829872204900 0.00000130202550963077 0.00000000000000000000
0.300000 0.99999978298852232328 0.00002911449910364216 5.99999739586226787935 0.00034937398670150624 0.00069439819425396192 0.00000144666292574887 0.00000000000000000000
0.400000 0.99999995659770446466 0.00001302069058584159 5.99999947917245357587 0.00015624827566129032 0.00007812327567080500 0.00000021700913066525 0.00000000000000000000
0.500000 0.99999986979311339397 0.00002255224411670639 5.99999843751736072761 0.00027062691955468895 0.00014999332779552788 0.00000052081020385231 0.00000000000000000000
0.600000 0.99999995659770446466 0.00001302069058584159 5.99999947917245357587 0.00015624827566129032 0.00003472145585369112 0.00000014467275377683 0.00000000000000000000
0.700000 0.99999978298852232328 0.00002911449910364216 5.99999739586226787935 0.00034937398670150624 0.00012754252547521753 0.00000061999839674952 0.00000000000000000000
0.800000 0.99999921875868047483 0.00005523688608174094 5.99999062510416525384 0.00066284263298089119 0.00035148828487763245 0.00000195271269376462 0.00000000000000000000
0.900000 0.99999613719569779846 0.00012277686277521467 5.99995364634837358153 0.00147332235511109743 0.00137208336565419363 0.00000857552101428559 0.00000000000000000000
1.000000 0.99998671889756785003 0.00022812715542766331 5.99984062677081375625 0.00273752586675418816 0.00383695251002791424 0.00002664550351028084 0.00000000000000000000
1.100000 0.99996510455439380216 0.00037076435280073214 5.99958177548027205006 0.00443914994672924348 0.00833842872046915672 0.00006398427010687804 0.00000000000000000000
1.200000 0.99990959301841086937 0.00059679854550105920 5.99891667870357014891 0.00714304561315781163 0.01814154689125441894 0.00015196522833586340 0.00000000000000000000
1.300000 0.99980390842879518498 0.00087976406794027808 5.99765176220264262241 0.01051861077585408179 0.03351969254367086204 0.00030483094261713769 0.00000000000000000000
1.400000 0.99962131497150030768 0.00123080076004256772 5.99547227253030534655 0.01467288332266709558 0.05623993600015729510 0.00055400978685124101 0.00000000000000000000
1.500000 0.99931480796046712189 0.00165572764581387467 5.99181745202831095298 0.01968985473927637939 0.08822109972566569147 0.00093574281800101733 0.00000000000000000000
1.600000 0.99886073314463175166 0.00215072933464872116 5.98641924811946513074 0.02549476731619463449 0.12999663210138118208 0.00148020373469392986 0.00000000000000000000
1.700000 0.99818925623048637696 0.00273158923385602654 5.97847784330174114586 0.03221991407633241489 0.18391657643604034100 0.00224725225186429064 0.00000000000000000000
1.800000 0.99728536002377754510 0.00336283160690618345 5.96782223253074928238 0.03945305841165121230 0.24597235642993173221 0.00321667880288916547 0.00000000000000000000
1.900000 0.99607009574893612402 0.00407347385003041084 5.95357950883879105675 0.04748008229502208299 0.31973169139832102736 0.00447142782838071823 0.00000000000000000000
2.000000 0.99451928832735192465 0.00486277078495271024 5.93551321651981655947 0.05629121438100276320 0.40559370451046544703 0.00605351416498933585 0.00000000000000000000
2.100000 0.99257451826924147920 0.00573530946645151203 5.91305426467483652431 0.06579062639245127075 0.50252701560292178939 0.00801981554004560851 0.00000000000000000000
2.200000 0.99013283532960749689 0.00669643745776483511 5.88508252686081245741 0.07599254558261614445 0.61089501980836913297 0.01043602027653956626 0.00000000000000000000
2.300000 0.98715882323529735576 0.00773170187170543928 5.85127404834390763000 0.08689574106735874215 0.73082142639139335838 0.01330737281846168865 0.00000000000000000000
2.400000 0.98369896584482396928 0.00880692879729063315 5.81243298685570142226 0.09775373195688652483 0.84940374324433876030 0.01654655889931669691 0.00000000000000000000
2.500000 0.97942357932134083143 0.01013102061529004387 5.76499393062299336776 0.11090614539434379138 1.00763017922406938887 0.02102017611928203369 0.00000000000000000000
2.600000 0.97449429381340202383 0.01149592461904634828 5.71099887084587987118 0.12399585704001322983 1.16449496335809787873 0.02602462185290749588 0.00000000000000000000
2.700000 0.96882534638504014257 0.01292308078754632328 5.64973739875112457298 0.13701562453632232241 1.31850755280441167550 0.03166928915748955936 0.00000000000000000000
2.800000 0.96218206082432422566 0.01450239785430961284 5.57920276580260221522 0.15094082904617847629 1.48787813049127559673 0.03845843081594221141 0.00000000000000000000
2.900000 0.95457472347529470635 0.01624134977220882334 5.49996145876156905530 0.16559265879441184555 1.66938352759339725395 0.04657106845541120893 0.00000000000000000000
3.000000 0.94596010565160382200 0.01820393330731555695 5.41182702136642923563 0.18119238133596171636 1.86770085286095821608 0.05655606406096085753 0.00000000000000000000
3.100000 0.93593947046421710478 0.02044890984052574745 5.31175018194242287706 0.19852326387066540625 2.09975868725340752974 0.06906350057966667566 0.00000000000000000000
3.200000 0.92452714067065921988 0.02283667838239669678 5.20048787652359401079 0.21562865994010343984 2.32478594937823634936 0.08344222072656388989 0.00000000000000000000
3.300000 0.91174611948756123514 0.02554990491788976248 5.07945988100132250764 0.23370470351005817600 2.56789337765608438602 0.10128254313707941991 0.00000000000000000000
3.400000 0.89743386531816315976 0.02846539298667895637 4.94771724758613817841 0.25193360564755501452 2.81115201791901281325 0.12201842415225543081 0.00000000000000000000
3.500000 0.88086963964289288764 0.03192419131685040462 4.80070811713203227100 0.27129167510903046123 3.07614502592109362311 0.14908766957492902705 -0.16903312873521580961
3.600000 0.86171572920023109532 0.03595962238484443768 4.63660924600837809351 0.29284921573645161796 3.38807558152907439819 0.18390676509306372322 -0.19158942397397837887
3.700000 0.83984257813802065673 0.04105588410532411137 4.45924264035955175700 0.31615044058106916980 3.73812737419702489916 0.23324860466782151858 -0.27121267847751129310
3.800000 0.81480717922578638213 0.04692234403897772854 4.26501389567893696153 0.34073728230716698873 4.11663230773447619271 0.29665096355195785804 -0.33053746226797220409
3.900000 0.78588189297896693386 0.05349760765671560808 4.05340096915589853666 0.36220250427111794211 4.41614825110701847422 0.37572844635790764167 -0.37216196072397833561
4.000000 0.75086865354273846229 0.06326772544515263386 3.81695620048666128810 0.39053471476276446772 4.88055562991467706269 0.51235905062441111646 -0.71005783931517663099
4.100000 0.70733541328707461027 0.07883608141791770274 3.55148119882001322978 0.42790719716081471180 5.57701008468747172486 0.77613302426006425261 -1.26140693856670615958
4.200000 0.65183181992422301043 0.10265150551285055769 3.25504126343040622871 0.46747417825257764346 6.34288202689662039546 1.28455089786572607125 -1.44856139647565429485
4.300000 0.57956725828046351534 0.13547845771161062811 2.92734768224797514691 0.50509665602686593111 7.06450987279152453624 2.18545562837333351425 -0.83799677123475824203
4.400000 0.48264324840835104435 0.16673709307796472090 2.56400501799980018447 0.51516206319203006192 7.01863011840711603639 3.23505550057773039185 -0.08002948391780662085
4.500000 0.38306054411895423817 0.17731005119744042142 2.24079315785380162040 0.47637402927746941295 5.73774293700080306735 3.57704297308603091921 0.26054299630400368226
4.600000 0.30324984236286262052 0.16945246726428753181 2.00093280213553192937 0.41434791334940485052 4.15417329716762928626 3.19600847715666791515 0.31584358952683222466
4.700000 0.24346422192531194661 0.15203964300741809601 1.82547468222575304253 0.35028490852530824728 2.84391818813847052638 2.51817428924711705918 0.24238162207909885737
4.800000 0.20253082257419360857 0.13618149537934765014 1.70527966355929372355 0.30832662997096088597 2.11256246109444179027 1.97817596626723091191 0.14435012909404665304
4.900000 0.17430557195197832199 0.12208037734529691987 1.61292253002744412349 0.27607521631021497699 1.62529666102019132445 1.55727605893434417617 0.05243253357195587494
5.000000 0.15415588264297064303 0.11009722996754667257 1.53890564410395436212 0.25441495545502712528 1.32560833657207788328 1.24123136476435047548 -0.00952199546371068628
5.100000 0.14021358964067065500 0.10139038647421767803 1.47866464678170239644 0.23829490861810917468 1.11778720870189496317 1.03203242359378588588 0.00000000000000000000
5.200000 0.12739381020766435415 0.09350417876163537312 1.42310450022777534862 0.22871492210038751880 0.99049496977773032746 0.86085232697972846605 0.00000000000000000000
5.300000 0.11890132644359506509 0.08776522852874792113 1.37789371784757941342 0.22007092958279131367 0.88276189363781332187 0.74411330064455016853 0.00000000000000000000
5.400000 0.11203764402617748253 0.08254341644301779746 1.33549297368918118423 0.21158761717394708457 0.78607310382615258604 0.64601273818884408229 0.00000000000000000000
5.500000 0.10567465048999455379 0.07815665766684525007 1.29916438428461900045 0.20786592000824483106 0.73132625582967059064 0.56864238663237287597 0.00000000000000000000
5.600000 0.10092696018655347712 0.07521461564286140156 1.26312051393873403526 0.20399165578487293837 0.67938931640578192894 0.51723322571916574564 0.00000000000000000000
5.700000 0.09671606947422806133 0.07204542522318019282 1.22971689203453293793 0.20001809476171442115 0.63046186441484730612 0.46623827497219172411 0.00000000000000000000
5.800000 0.09263382316585370979 0.06942567026213919412 1.20122797246697254892 0.19733269697549066235 0.59266881591432496457 0.42548291896031181780 0.00000000000000000000
5.900000 0.08908321157542693769 0.06660130489517789021 1.17059341701758867771 0.19464634544673675709 0.55726073816243804071 0.38493147671781541286 0.00000000000000000000
6.000000 0.08668783888512350544 0.06458020652443086096 1.14482477972466978322 0.19171833435154500558 0.52275085833288348347 0.35589146237765517666 0.00000000000000000000
6.100000 0.08394876341651759388 0.06304222033569475969 1.11849729447450574327 0.19130773336484083180 0.50358796583549769732 0.33358239851891746675 0.00000000000000000000
6.200000 0.08135925225830824281 0.06092783120119235618 1.09532619776446926707 0.18776645369446934297 0.46959405463305547990 0.30655592174501100633 0.00000000000000000000
6.300000 0.07963965330940767084 0.05973120553184281534 1.07280787157920465269 0.18671760915321383711 0.44973782743161772046 0.28995591430397993360 0.00000000000000000000
6.400000 0.07731081633815180265 0.05779280432344623825 1.04942497166698145428 0.18448886794698901581 0.42545177995452021502 0.26720065852545193952 0.00000000000000000000
6.500000 0.07530198449183897469 0.05666036017184684220 1.02891426206375480312 0.18168611915715257576 0.40002464137103443953 0.25288045605836101393 0.00000000000000000000
6.600000 0.07384444860334885008 0.05550252626138881679 1.00887438056243827766 0.18181071357412392775 0.38852684600574122209 0.23897448117497477327 0.00000000000000000000
6.700000 0.07291971929478562042 0.05459737639699050599 0.99071520733102969025 0.18087830925553585737 0.37315849705235837330 0.22779212490008143854 0.00000000000000000000
6.800000 0.07097108643237297343 0.05343335084220530995 0.97243537571804761210 0.17890239094870732939 0.35439242061911907511 0.21497396572056143293 0.00000000000000000000
6.900000 0.06986029148287241364 0.05259677511683447104 0.95591142737302914334 0.17752401277570584170 0.33891125514258330087 0.20527643846053927890 0.00000000000000000000
7.000000 0.06866468844790613035 0.05186844033715470870 0.93833349768335905239 0.17748596893946602671 0.32915611867826860548 0.19677879610579973590 0.00000000000000000000
7.100000 0.06782698074188064918 0.05112030763609404227 0.92168559238230685082 0.17586015280580513664 0.31411462393531403015 0.18845103614621913635 0.00000000000000000000
7.200000 0.06646757744358396114 0.05019126375310220545 0.90605034944056173085 0.17587011345816649932 0.30548441291642908224 0.17914047695171378405 0.00000000000000000000
7.300000 0.06600130658270463024 0.04972709053205826707 0.89230449522783084060 0.17401156353339211624 0.29092460898082095344 0.17343358476509088129 0.00000000000000000000
7.400000 0.06485418391184542830 0.04861502566288805616 0.87718886456817146691 0.17289571705325568196 0.27949561058042510231 0.16352316334379363161 0.00000000000000000000
7.500000 0.06394490582049087990 0.04819353002798268393 0.86382929078565795500 0.17260227140253486811 0.27116925468047942127 0.15855727524236434833 0.00000000000000000000
7.600000 0.06333280324663059790 0.04768385640126130559 0.85014749836112935011 0.17237953432233471540 0.26339903692574018201 0.15317895823468546945 0.00000000000000000000
7.700000 0.06243914998166687214 0.04677753314232568210 0.83919380062443749146 0.17220570983865979287 0.25608468423900876410 0.14549694217185282774 0.00000000000000000000
7.800000 0.06158668549516116419 0.04642621849225397890 0.82614585532382978084 0.17115634181225969357 0.24652828059481002310 0.14148225729578720045 0.00000000000000000000
7.900000 0.06097957418528682921 0.04607648640724125444 0.81217153142742859462 0.17107354453413967099 0.24009409888496827112 0.13759465962202352407 0.00000000000000000000
8.000000 0.06060861476539149834 0.04581369839702100627 0.80095655187164582767 0.16916486682815068399 0.22893401735188839696 0.13432927749204534584 0.00000000000000000000
8.100000 0.05973158457961578321 0.04525408456641978605 0.78918532849635003590 0.16930870789969215684 0.22369615223562944184 0.12944953963107092010 0.00000000000000000000
8.200000 0.05912043685625715389 0.04450291309708303417 0.77844499644448394982 0.16832355485837799391 0.21574068098635751367 0.12366106687229053152 0.00000000000000000000
8.300000 0.05846983644626170540 0.04403848212615013580 0.76761855423828628808 0.16822537725655647978 0.21032785755832125729 0.11963453119076228326 0.00000000000000000000
8.400000 0.05805985836268486022 0.04370207293166085416 0.75640791491205650043 0.16868945360224996133 0.20648440276916638081 0.11641119564338027470 0.00000000000000000000
8.500000 0.05750873601404429131 0.04336911005524490825 0.74599101676648038595 0.16707759264045182745 0.19781923937459894303 0.11329534235009192100 0.00000000000000000000
8.600000 0.05723721125320829772 0.04324620880575127946 0.73768867845912822201 0.16691351350018684974 0.19286617017788398876 0.11134419801722897359 0.00000000000000000000
8.700000 0.05655063034021844126 0.04271944104043141899 0.72959519199786670995 0.16605301096521127291 0.18651981047316273932 0.10739939415139454493 0.00000000000000000000
8.800000 0.05593735590437883681 0.04239125270559814668 0.71987325140831770476 0.16595235991817991472 0.18208387280934362762 0.10455379234617515061 0.00000000000000000000
8.900000 0.05579512658192686825 0.04202130978972325182 0.70861573760291551860 0.16590151763816585184 0.17790602878398101283 0.10158255325160379934 0.00000000000000000000
9.000000 0.05537173718903123237 0.04149010996720087913 0.70080262997077813480 0.16550766081570189581 0.17314946078774057225 0.09793019591625526377 0.00000000000000000000
9.100000 0.05494318292296752199 0.04146455442225917970 0.69241557038255130418 0.16467360922165849568 0.16766220937003795122 0.09673476351642706916 0.00000000000000000000
9.200000 0.05495728866901478799 0.04125678346099612148 0.68503457600471107103 0.16421461045728411032 0.16312401232597451006 0.09472679966873188973 0.00000000000000000000
9.300000 0.05441354471061432552 0.04113957462856905611 0.67578051216097601017 0.16523968564559493588 0.16163402359434184130 0.09317654575454173416 0.00000000000000000000
9.400000 0.05422947557527138529 0.04068292884066426057 0.66795247413917624435 0.16407264933226270442 0.15598636419828845745 0.09015016573573747527 0.00000000000000000000
9.500000 0.05378954990777880252 0.04052489896796877128 0.66180063277074696604 0.16288335840015749634 0.15051375161420163518 0.08850957130720089883 0.00000000000000000000
9.600000 0.05302970591993422245 0.03998174682325619095 0.65302746636148489845 0.16414522857940250233 0.14968697814102441268 0.08525547088207785507 0.00000000000000000000
9.700000 0.05295422932800746690 0.03987491748682498588 0.64490898017799802577 0.16320742250868677803 0.14494602331924430483 0.08392625060056960185 0.00000000000000000000
9.800000 0.05265253997177809370 0.03984755541072275420 0.63942067310363215338 0.16275910676305035962 0.14122396646360618755 0.08295589471141216753 0.00000000000000000000
9.900000 0.05243426982755747257 0.03958343258552524113 0.63158812124309726688 0.16276636738726243947 0.13839771309511314512 0.08103295406560062641 0.00000000000000000000
10.000000 0.05221014037344029468 0.03957932537479712937 0.62660015583160189045 0.16292446200891913533 0.13590722724298667790 0.08020597745275201418 0.00000000000000000000
