1.000000 0.99998394275636037776 0.00024993153640066873 5.99980731307632453309 0.00299917843710416528 0.00460547650436637923 0.00003198247571845059 0.66666658369867581868
1.100000 0.99996484765581605814 0.00036888772963577447 5.99957817186979180946 0.00442665275823765723 0.00829154576587659911 0.00006333819674802560 0.66666648591180677208
1.200000 0.99989454296744806339 0.00064635336629562459 5.99873972336407046413 0.00769917760456202520 0.02107638605745401975 0.00017824967429191926 0.66666611175032064462
1.300000 0.99980384123986221212 0.00087273796216773400 5.99765130263304069302 0.01043120848450294208 0.03296495653783967222 0.00029998141070126824 0.66666565461873983356
1.400000 0.99960768247972442424 0.00123739573912994287 5.99530954893900691616 0.01474795366542890236 0.05681688485032167918 0.00055996277585076558 0.66666463152738963949
1.500000 0.99928349975002772609 0.00168868712249109292 5.99142803577380256286 0.02015249582924112312 0.09241556494736055671 0.00097336804613708684 0.66666287421203440644
1.600000 0.99888467253638479892 0.00212519297622019857 5.98671675369403377687 0.02512568047995891035 0.12625996391619756509 0.00144526245957621270 0.66666065707795918449
1.700000 0.99826017595267191318 0.00265348807787276582 5.97929396733696272292 0.03139253247860616935 0.17459219406754858395 0.00212058322203494479 0.66665728552094571935
1.800000 0.99729760929341182418 0.00338750299014413956 5.96799140373291869821 0.03972743745578029978 0.24940551692688348040 0.00326405020678698131 0.66665135283569276758
1.900000 0.99604557826908124429 0.00412259350935122951 5.95330727141428717175 0.04802194314796372904 0.32707113466415638214 0.00457991470978556803 0.66664393846348080075
2.000000 0.99453576338740135032 0.00480337040031997026 5.93571374013998465102 0.05553527684106518425 0.39477337264815981488 0.00590652600388352506 0.66663572044501462344
2.100000 0.99263276302633041137 0.00567011201141178617 5.91370403288523505125 0.06504584522698264593 0.49121372662625834016 0.00783851769221027145 0.66662337661614734508
2.200000 0.99025542300855462496 0.00666751541012674132 5.88639456727030285776 0.07584406874313248670 0.60851017663608619745 0.01034606818775913803 0.66660654272629327188
2.300000 0.98710646733696261190 0.00776034437905335703 5.85073707088101357954 0.08703312078880383329 0.73313406927979540839 0.01340615120840459203 0.66658471277797781696
2.400000 0.98372880443839572084 0.00882189855720501119 5.81254686979224555188 0.09833621754923693725 0.85955659394585293143 0.01660285741943803850 0.66656006922425259376
2.500000 0.97943110487723583635 0.01013445265062923664 5.76494799188979012428 0.11100944293748533920 1.00950805883214234093 0.02103442033210284334 0.66652486488302775669
2.600000 0.97441126333185201780 0.01134865965100509237 5.70995583824019536934 0.12257712401309718564 1.13799962746108884737 0.02536213186448757484 0.66648696296337928136
2.700000 0.96874522622486392009 0.01289497041221866237 5.64925251360959901348 0.13640977424340705593 1.30687308267191704125 0.03153166448488194801 0.66643231422834103839
2.800000 0.96218736112654146275 0.01457045732329852704 5.57883672647483574991 0.15230544475659896220 1.51490275934729101692 0.03882024715155448641 0.66636363193223524526
2.900000 0.95457318978446836777 0.01622369720364324683 5.49989063715142734168 0.16603294598093265577 1.67827263321842168331 0.04646988816869544042 0.66628500242757193739
3.000000 0.94609756902010888613 0.01837457375500830409 5.41362070881013224266 0.18245622759305779592 1.89384675484385689437 0.05762132662241958858 0.66616937125236908024
3.100000 0.93586216114876119576 0.01997030279510090406 5.31068249361182065371 0.19432099336496203024 2.01180562047044020346 0.06586846864153016179 0.66606603032382249996
3.200000 0.92423281093767362115 0.02260208758879866595 5.19760304410621021276 0.21405015359907469952 2.29087341278937106637 0.08173669813947620488 0.66587872484582655286
3.300000 0.91241424563937345571 0.02517220071585309429 5.08548529330074394750 0.23086047853527683071 2.50577033988640218709 0.09831015778974172559 0.66566708208135194624
3.400000 0.89644292995222751852 0.02872896160439050370 4.93950151372069790057 0.25289798927647194615 2.83271498320088310763 0.12428848713284415539 0.66532085386225847667
3.500000 0.88158173397400285687 0.03158128115554558607 4.80627326130429910478 0.26996611038102324986 3.04615761519840511085 0.14590205358454755302 0.66499089377209541496
3.600000 0.86258297689145646547 0.03562710807216794284 4.64322887734696188033 0.29173006341498580740 3.36222932938712215645 0.18052136242999938798 0.66444682363843443618
3.700000 0.83966104460615487159 0.04127726666803006872 4.45571846183757358517 0.31713977719580022097 3.76155959088812741342 0.23577084451752333694 0.66355962894291276033
3.800000 0.81455749708365732253 0.04627695529528139118 4.26328324630596622313 0.33632896661597738719 4.01080283780506796631 0.28854657231514552196 0.66253542051697644766
3.900000 0.78390161509832245734 0.05427534721527452199 4.03786732029774508845 0.36958526001494257374 4.59801126779750291007 0.38673241473163239013 0.66060264446306904418
4.000000 0.75273103335740476627 0.06172610583670116308 3.82830032774136208573 0.38806225452033588086 4.81895402826898422433 0.48769435414574469068 0.65831551132938082027
4.100000 0.70589118570158870813 0.07915914542188877412 3.54268796522608608868 0.43211664476074107544 5.68727512645993460438 0.78250712088023177682 0.65198530991088921027
4.200000 0.65156302077546934814 0.10561265620547730104 3.25821957282524143906 0.46627004974592456410 6.31024788869128006041 1.35972975552321084791 0.64106002754709012770
4.300000 0.58594010387734696277 0.13037763728478546366 2.95137345850461052521 0.49804712692813718489 6.86869018974485534557 2.02398699805327808576 0.62130552390670934493
4.400000 0.49024327158093544687 0.16758384955444396991 2.59241334296189318565 0.51930989459740151126 7.13210622484004286292 3.26799669893661137721 0.57268295516594247552
4.500000 0.37541314853905122240 0.17742884382929036136 2.22064041495389385972 0.46853525376324728358 5.55046644038138836663 3.58183761039345238686 0.48188079077567114172
4.600000 0.30622074977780244787 0.17028253334117526840 2.01192923008554602760 0.42197806331574860828 4.30857886535403977746 3.22739658140810714571 0.40005827167650409582
4.700000 0.23743455588267969869 0.15324328832309963566 1.81439562270858800730 0.35146069366519677724 2.86304232802671254632 2.55820314319813668646 0.28788929201012092296
4.800000 0.20488652302521942472 0.13731386417494106933 1.70410926563715148241 0.31319001574767818541 2.17973302142290892291 2.01121037809644409577 0.23186169277180945780
4.900000 0.17300030899344517876 0.11877423650477286765 1.60402490001110997753 0.27034307318334532821 1.55850533676494817925 1.47407091014966562526 0.18851511516094265897
5.000000 0.15324946533718475372 0.10924703370317886963 1.53310396067103660300 0.25180552265727068617 1.29855531500956233870 1.22213523178941474434 0.13051074746622570721
5.100000 0.13763314492834130554 0.09886556101997895363 1.47230516053771798290 0.23870665148149805557 1.12165333011506396232 0.98127301328767335686 0.09985938061323551551
5.200000 0.12892881693700700141 0.09484711543736326633 1.42504652260859909774 0.22936430149245773391 0.99612748495380964986 0.88575756866840782422 0.08029728081837039788
5.300000 0.11989509846128207360 0.08882700816795405241 1.37915578824575058015 0.22006160046688696963 0.88268705219026299957 0.76222670539542014545 0.06423529898192459342
5.400000 0.11171241389845572300 0.08230830314194988173 1.33433264359515613151 0.21392342955947937777 0.80352454258637395768 0.64233782671237860118 0.04672120019734293805
5.500000 0.10597520414398400868 0.07923452852253295986 1.30483071325408284125 0.20620365457638417661 0.71967646103326565754 0.58443501476660064675 0.04647514278895426010
5.600000 0.10170658121319853251 0.07519399016674539749 1.25811194589490060736 0.19992723443781321158 0.65258610726452848105 0.51694959151511832296 0.06058815702144160209
5.700000 0.09638642581379847085 0.07215167511780168352 1.23431945061659820162 0.19999200147711498898 0.63029738181806937991 0.46761447049474741400 0.02864735572066312574
5.800000 0.09247887387512498947 0.06855542163399691580 1.20139428952338622736 0.19750085128655511801 0.59367931523674111194 0.41488294271250497625 0.03300002742481067397
5.900000 0.09037146914231751482 0.06696248685362760078 1.17175174980557716964 0.19609972793068436436 0.56561369970635166915 0.38911779975569382728 0.04340037716808464729
6.000000 0.08666354780024441984 0.06533812473701468282 1.14320804632818573410 0.19219615973163789446 0.52535984093282583896 0.36429401976744052449 0.00836784859409800408
6.100000 0.08406314228974558211 0.06341222116650103990 1.11941207921342078535 0.18937838762495887157 0.49348177732082149083 0.33750954330391047531 0.01192323991166521768
6.200000 0.08085733529607821990 0.06166602433556659518 1.09385762693034105375 0.18848310403010359870 0.47318550516309404452 0.31402930022025865586 -0.00815714410709267312
6.300000 0.07889097391956449712 0.05928653735112574680 1.06850974891678696110 0.18739396558897122858 0.45300194380575009578 0.28565483772638933235 0.01023322606704002435
6.400000 0.07671066062104210659 0.05775435225911943610 1.05362598600155532580 0.18407991274891974398 0.42356767847062459786 0.26684521638963659695 0.01379986581820702440
6.500000 0.07526290481613154282 0.05716677754353307467 1.02415356627041442827 0.17938573239036090246 0.38995908602214990335 0.25742103274037569927 0.00676580078860655743
6.600000 0.07347404107876902291 0.05527153792272837540 1.01016900899900008426 0.18170532782621795498 0.38807656093071396519 0.23698951015514016505 0.01485862327998799248
6.700000 0.07250409676702589123 0.05425417044255362309 0.98979627263637370849 0.18276253354840246712 0.38097343636765146346 0.22493726646712641770 0.01522043164089759149
6.800000 0.07091008985112765006 0.05328379356866447952 0.97653906510387733508 0.18024559743551227253 0.35973398361118141819 0.21377224712041811849 0.01614504933042260060
6.900000 0.06997442992445283838 0.05201509638794084289 0.95134394789467835452 0.17960693525716545094 0.34691093069828832229 0.20076115494932625372 0.03564299023030159663
7.000000 0.06870764359515608988 0.05171060411450147803 0.93907621375402727804 0.17591739669220296527 0.32336384479568436312 0.19558301826828436432 -0.01555343727054636638
7.100000 0.06786268539606710171 0.05134380505936976535 0.92610890456615935218 0.17690385514252410237 0.31785412953213765253 0.19010244997225050900 -0.00004001407622666875
7.200000 0.06636415398289079171 0.05074409701708389175 0.91008985112765250491 0.17414848777124644630 0.29953279795567455679 0.18310850717007823296 -0.01520926438679870429
7.300000 0.06565112556938118571 0.04939414542622814347 0.89229842517498059173 0.17468425202956083808 0.29317825123755170136 0.17111892882497772850 0.00668620483490989237
7.400000 0.06472978696811465538 0.04824099406371187143 0.87757436673702926555 0.17342682234356590620 0.28121537082892011927 0.16101663192251411405 0.02460601772765169670
7.500000 0.06427758026885901921 0.04861350737508937647 0.86235904343961777840 0.17282144491723944180 0.27185836326258921991 0.16133277691275074717 0.01749374701323735959
7.600000 0.06295394261748694931 0.04756487738449263758 0.85237230585490497692 0.17186608917735232693 0.26183226689522615116 0.15241549881949117973 0.02729631582191238692
7.700000 0.06254383193534052143 0.04735405002677892800 0.83797112820797692301 0.17323662447069643200 0.25915997918192956728 0.14910544150865018276 -0.00368900345252831663
7.800000 0.06217321339295633909 0.04654131172671468336 0.82596898955671593789 0.17411875425123024552 0.25513606801420446457 0.14218461192160708473 0.03159295731533096063
7.900000 0.06022334323964004255 0.04554229954275373221 0.81502055327185862765 0.17047955673697848256 0.23842972254127883791 0.13442275144210857896 -0.00318908931367101189
8.000000 0.06012743375736029350 0.04489968410981526326 0.80300799911120990249 0.16980174408066489589 0.23066105834268557651 0.12902282452231683685 0.02761716687166781981
