0.100000 0.99999992404598281315 0.00000608942657034083 5.99999908855179420186 0.00007307310668943568 0.00218713248614221768 0.00000151884250954026 0.00000000000000000000
0.200000 0.99999988064368727780 0.00000763316981918033 5.99999856772424777773 0.00009159793116883652 0.00085915453382767715 0.00000119327296488336 0.00000000000000000000
0.300000 0.99999989691954815907 0.00000709376661054972 5.99999876303457746474 0.00008512528279687249 0.00032978779118922010 0.00000068705655091132 0.00000000000000000000
0.400000 0.99999988606897427523 0.00000745769995054856 5.99999863282769041462 0.00008949251850199210 0.00020502811821643260 0.00000056952103477670 0.00000000000000000000
0.500000 0.99999990234483504548 0.00000690461025773497 5.99999882813802098980 0.00008285530165355659 0.00011247617658227682 0.00000039054248190951 0.00000000000000000000
0.600000 0.99999986979311339397 0.00000797249027761700 5.99999843751736072761 0.00009566989261518638 0.00010413770926081472 0.00000043390703770759 0.00000000000000000000
0.700000 0.99999984266667873989 0.00000876345385200440 5.99999811200014487866 0.00010516144622405278 0.00009244362519559813 0.00000044937873358971 0.00000000000000000000
0.800000 0.99999916450581105565 0.00002018063715841587 5.99998997406973266777 0.00024216763489813615 0.00037532904570980469 0.00000208516155453253 0.00000000000000000000
0.900000 0.99999673940254829585 0.00003990054358049439 5.99996087283057999429 0.00047880651183602872 0.00115929783701344802 0.00000724561181818394 0.00000000000000000000
1.000000 0.99998786363311242820 0.00007691827061001493 5.99985438529849623990 0.00092277008531997434 0.00348776296596042899 0.00002423365776849096 0.00000000000000000000
1.100000 0.99996310804879950940 0.00013439469836153689 5.99955755699936688075 0.00161083561847692475 0.00878369052267117915 0.00006725607776884732 0.00000000000000000000
1.200000 0.99990844285757940479 0.00021326836470360531 5.99890255125637494871 0.00255384121269840603 0.01855176516174752641 0.00015524998957516800 0.00000000000000000000
1.300000 0.99980312176218877340 0.00031087933745293757 5.99764236560566033063 0.00371659764916662701 0.03347837263869793412 0.00030450912478185131 0.00000000000000000000
1.400000 0.99961478835131001297 0.00043828503890824729 5.99539284632948543674 0.00522736711660935077 0.05710444036557585368 0.00056201150268212320 0.00000000000000000000
1.500000 0.99931133035153774102 0.00058748210956834773 5.99177559051427177650 0.00698826181018175584 0.08890286649370356120 0.00094244926549436048 0.00000000000000000000
1.600000 0.99885293700729715916 0.00075935495916397986 5.98633014320674217146 0.00899743277185751505 0.12952607437455293526 0.00147614708225773917 0.00000000000000000000
1.700000 0.99818922910405161186 0.00096716031451656113 5.97847513065827040890 0.01140168070806058150 0.18424675808969720459 0.00225376153353221576 0.00000000000000000000
1.800000 0.99728492600082219166 0.00119032646212513570 5.96781869524366381796 0.01396049950981699019 0.24638646874213177007 0.00322418252557731076 0.00000000000000000000
1.900000 0.99607871652988577704 0.00144062276183770871 5.95368235057804895405 0.01679360695528361869 0.31999317473484251151 0.00447411241374969480 0.00000000000000000000
2.000000 0.99451749255737431632 0.00172358726742569525 5.93550944052010542862 0.01994186396009383494 0.40722220871975861600 0.00608410228414868297 0.00000000000000000000
2.100000 0.99255191652384422429 0.00202235577615911570 5.91279625972905886755 0.02319372779026433393 0.49964606351046980670 0.00797729720878643210 0.00000000000000000000
2.200000 0.99013132167455086829 0.00236194283081374648 5.88503901605954382603 0.02682847356680042109 0.60912512543693941858 0.01038666274635860476 0.00000000000000000000
2.300000 0.98717429072836693216 0.00273422436228728171 5.85146547416834295063 0.03070720941355868649 0.73010441966531736124 0.01331375035138277797 0.00000000000000000000
2.400000 0.98363878856207154211 0.00314837098407417734 5.81174490856351599888 0.03493844023825082995 0.86804949780040807639 0.01691688934973474556 0.00000000000000000000
2.500000 0.97944873095160056575 0.00358270071822008700 5.76521517382445747302 0.03922309492522216973 1.00823936238419187283 0.02103008368449081275 0.00000000000000000000
2.600000 0.97451766052425803366 0.00405410903467717278 5.71124763110270983191 0.04376700981830570353 1.16066531124149263654 0.02589270656401891635 0.00000000000000000000
2.700000 0.96882415824720002906 0.00456039055265767494 5.64979963764291515105 0.04832784443080370002 1.31228229380731620246 0.03155006500829012073 0.00000000000000000000
2.800000 0.96219240142123418913 0.00515046678430888718 5.57935825452633871180 0.05366900928353998679 1.50484247900823442379 0.03880566212939939863 0.00000000000000000000
2.900000 0.95455714012031811500 0.00576825688415079536 5.49979130006194338876 0.05884891111635683070 1.68671153566268916535 0.04699494397394524819 0.00000000000000000000
3.000000 0.94590036781709374569 0.00646375510479287995 5.41135330701186667568 0.06438593683032955983 1.88668534853139768792 0.05704380423473288941 0.00000000000000000000
3.100000 0.93596112278439957954 0.00720194400678855675 5.31201061741675051309 0.06990800455832685278 2.08300528605989310194 0.06853268311788852929 0.00000000000000000000
3.200000 0.92470475913982896898 0.00809999355938426265 5.20226600346801681951 0.07655141210018098774 2.34404747781269184870 0.08398066644744513198 0.00000000000000000000
3.300000 0.91183427497506974735 0.00900495688151648280 5.08036421123098591579 0.08238789519976556786 2.55304743509946341362 0.10064895806119068811 0.00000000000000000000
3.400000 0.89717682607346027623 0.01010234266846571360 4.94562820829768590158 0.08925424763127626226 2.82266865657805565704 0.12294906264528161766 0.00000000000000000000
3.500000 0.88064664949903337376 0.01132865248694017030 4.79882109382812416243 0.09628865672367911688 3.10008866729081411506 0.15019255769363676345 -0.02804865460186833914
3.600000 0.86167684074343620093 0.01281299594532235402 4.63695744092426753724 0.10403347719604369437 3.42059121066658233801 0.18679223761902591372 -0.02672344871420495593
3.700000 0.83989122668602289590 0.01444547551695129356 4.45933825561660412973 0.11161917295656677285 3.72764117634014491287 0.23100528131967487666 -0.03071547767715254729
3.800000 0.81481093352434974530 0.01645951138954789700 4.26484560327801887070 0.11957951283549296539 4.05607815161584017716 0.29201840794425326653 -0.03223524398999133567
3.900000 0.78565501290437045334 0.01897502223032918739 4.05226608593237891398 0.12857877557134217428 4.45214505301348495436 0.37814636296295622842 -0.03908884218495156659
4.000000 0.75094367441056208978 0.02228597125759826381 3.81689721676703586084 0.13875320537443577851 4.92862771243016606348 0.50858446325196360327 -0.04592649949089877559
4.100000 0.70905903779888557192 0.02675658587295112051 3.55702226138459565163 0.14997858942697647744 5.48088593489154085603 0.71521643402775203491 -0.06187310803894496836
4.200000 0.65692059801766089500 0.03324352357435216704 3.26889475533605189383 0.16182360671431778032 6.08058158788909519643 1.07776668978079270822 -0.12015336289217493082
4.300000 0.58820402212544864451 0.04416360637433036640 2.94295130661742643241 0.17695677618059432734 6.93677219069733741463 1.85789237865904821589 -0.22258784255285202214
4.400000 0.48345733441503430106 0.07324689184199839609 2.56007821701286664151 0.20100349137395562282 8.54794653503890877744 4.99442703314702907136 -1.04964799928289265196
4.500000 0.28483479089815666452 0.12834491218445159832 2.10981644474783625043 0.19754575178671912594 7.89351265701838311628 14.99355953710384348199 0.23258356259531742793
4.600000 0.14326070747651414861 0.09615901802483267646 1.85065129050649446185 0.12806372064408585998 3.17465484731406810681 8.23345574733921736765 0.13975349598791009242
4.700000 0.09539738295442549976 0.06899213957660189911 1.73007730469661447081 0.10220647998943720169 1.93696197393846625268 4.14821556690884651886 -0.12364514590513886461
4.800000 0.07434957536930145161 0.05495120658149031667 1.64566936669453678377 0.09226763864034548401 1.51347860271384515585 2.57675528939658660121 -0.16661991508940876550
4.900000 0.06266875897559472108 0.04683485046588165696 1.57583342389945668671 0.08666490125178992476 1.28131019268606127781 1.83358962889581378342 -0.22634744001482576259
5.000000 0.05511130171470317307 0.04144551776692204093 1.51592438903456638855 0.08264094759946451207 1.11894957590731869423 1.40716518847959126681 -0.25683890842030265844
5.100000 0.04921907117698692130 0.03704612823899061658 1.46320105991877857932 0.07990623901290329345 1.00549745513013899512 1.10223811162331952751 0.00000000000000000000
5.200000 0.04511580188171520484 0.03387781894104797964 1.41529627535388491388 0.07722637368423528048 0.90340927506437351813 0.90403967307022181643 0.00000000000000000000
5.300000 0.04180107091692036869 0.03164448416450191953 1.37185541688425693962 0.07564180404486622877 0.83431867563144657129 0.77389157668702723836 0.00000000000000000000
5.400000 0.03958543798298074651 0.02976701877828976869 1.33148765794963397369 0.07376394855530202244 0.76429451152599625630 0.67210460497317459083 0.00000000000000000000
5.500000 0.03724849020774768926 0.02808003791080998165 1.29450388919289793854 0.07254463002670444305 0.71259883715815008909 0.58720891183292134308 0.00000000000000000000
5.600000 0.03566076370852824112 0.02683041065680410661 1.26081502740247319849 0.07115031625361545320 0.66120718406393497180 0.52653417034075278291 0.00000000000000000000
5.700000 0.03413050184859057340 0.02569955079178084037 1.22840514445672832622 0.07000374628947382549 0.61780696613487129376 0.47460920474449641571 0.00000000000000000000
5.800000 0.03260199778162187201 0.02462430286333366219 1.19817637876940263908 0.06889669646366845812 0.57796395938328637421 0.42821299482848773632 0.00000000000000000000
5.900000 0.03170830111436261783 0.02388065731553538212 1.16974336135848488993 0.06852221035878477973 0.55248266037948245977 0.39591366296526292468 0.00000000000000000000
6.000000 0.03060330037131531872 0.02304545394983199824 1.14347637890829001428 0.06777553237285199872 0.52264081503840909004 0.36255945233327968591 0.00000000000000000000
6.100000 0.02949427406535760562 0.02228599929956662576 1.11820011895701165727 0.06677593008872623193 0.49084025104602091449 0.33349884795738454768 0.00000000000000000000
6.200000 0.02881720910566271457 0.02180913297220608144 1.09391514573449177838 0.06647388565137929417 0.47084579947542998246 0.31422812886667855770 0.00000000000000000000
6.300000 0.02811873596369762404 0.02116890729132149540 1.07161535010722097638 0.06539169498493153931 0.44128995147940386357 0.29135084391769550116 0.00000000000000000000
6.400000 0.02730038568147854020 0.02061109165915594316 1.04935170859212667516 0.06508620932719595686 0.42362146445835779929 0.27188294360456199961 0.00000000000000000000
6.500000 0.02675628907942689469 0.02029140510341432765 1.02910892135920706281 0.06486325760426098208 0.40787843782490984523 0.25946025106250480974 0.00000000000000000000
6.600000 0.02609433896915034148 0.01974003496903070642 1.00855676256374926503 0.06391690419119645805 0.38415239088887742636 0.24183093097723690201 0.00000000000000000000
6.700000 0.02560137569652003869 0.01933856223113676262 0.99069506866590373306 0.06366129542604445635 0.36979521391578068501 0.22863015457168411881 0.00000000000000000000
6.800000 0.02522759512741525045 0.01904991753562145992 0.97247793166881479898 0.06343198088204329843 0.35641721344176413577 0.21859349571100819554 0.00000000000000000000
6.900000 0.02477427442646470621 0.01868696990793311530 0.95506477879412454701 0.06281960460929739143 0.33950968188421848382 0.20729490585748303055 0.00000000000000000000
7.000000 0.02429667556645203827 0.01832281006796524642 0.93824241796618923495 0.06241574166015750880 0.32565079202899854804 0.19644730150720601802 0.00000000000000000000
7.100000 0.02391652028519127698 0.01810915763500979894 0.92251444602004417650 0.06222824757852524202 0.31464323045545761204 0.18918996530457765637 0.00000000000000000000
7.200000 0.02355076371547260711 0.01777067525729321765 0.90701357658526016170 0.06207957748239883305 0.30450361998168257172 0.17965334704365440444 0.00000000000000000000
7.300000 0.02314641165445384050 0.01750974855074070163 0.89133955369245898570 0.06212269294773743039 0.29662979730356686670 0.17202711527321126739 0.00000000000000000000
7.400000 0.02282322731136320754 0.01725150353896718822 0.87664844088537907663 0.06136828793860037157 0.28169849283150721897 0.16473357802136093242 0.00000000000000000000
7.500000 0.02253698374705558755 0.01705106715866941750 0.86371779028844120063 0.06071751948215859535 0.26845126998726476231 0.15878219980770247322 0.00000000000000000000
7.600000 0.02235134670378662383 0.01689466226488722453 0.84998296025877495552 0.06098988045565172794 0.26378392592981803055 0.15383153881982911115 0.00000000000000000000
7.700000 0.02200743233929345136 0.01662380495699859045 0.83697639904695508850 0.06056721380943887872 0.25342747080220029421 0.14700431825365783967 0.00000000000000000000
7.800000 0.02187890186636815004 0.01643591290027474755 0.82477868301463319600 0.06033564205535209279 0.24508606542308619680 0.14185773048932731610 0.00000000000000000000
7.900000 0.02154445462758747265 0.01622564309540638211 0.81236549628615239982 0.06007106712367544371 0.23682986059324998007 0.13650127074032275543 0.00000000000000000000
8.000000 0.02126311009738780788 0.01604996901923313318 0.80049004229814113565 0.05986644529526933406 0.22937544142665516889 0.13189197082539200201 0.00000000000000000000
8.100000 0.02122506798535571740 0.01605671264156080871 0.78978165433578517707 0.06018002579531449986 0.22609692161793162879 0.13037316215019598142 0.00000000000000000000
8.200000 0.02097085531514927478 0.01592734963414732183 0.77912541423150849518 0.05976023600309403327 0.21754887962623442599 0.12671648661522641466 0.00000000000000000000
8.300000 0.02073292393105354361 0.01564850581720663922 0.76785605159942671438 0.05932322033600352651 0.20924408990209611425 0.12084469972752674705 0.00000000000000000000
8.400000 0.02048174942153420386 0.01547437531085016013 0.75775779140648436005 0.05944851147036901706 0.20515558551177048852 0.11676344869110218128 0.00000000000000000000
8.500000 0.02043537949404728923 0.01547843532244366251 0.74722837280974652163 0.05907717959119374029 0.19786163953013002903 0.11545031862203190831 0.00000000000000000000
8.600000 0.02022114576331096245 0.01528619556919041250 0.73723011150570549876 0.05873737339009272446 0.19106981771517558832 0.11129107050188180583 0.00000000000000000000
8.700000 0.02000271286048210459 0.01511399461116814946 0.72826245941017320185 0.05893283230394862071 0.18794729093545306520 0.10754722809240199743 0.00000000000000000000
8.800000 0.01982577797746691572 0.01499672028541842658 0.71906716227458589152 0.05893674894168360323 0.18372444962988720984 0.10468148099215401903 0.00000000000000000000
8.900000 0.01979010129054121700 0.01491217224955865457 0.70997629106204374061 0.05863512262477603432 0.17778520225970839697 0.10234149678621115576 0.00000000000000000000
9.000000 0.01959935362697358754 0.01480231346501970080 0.70081599787780135546 0.05832674811724276875 0.17203248271776147571 0.09971870556920214845 0.00000000000000000000
9.100000 0.01939062656248263794 0.01467700462502427756 0.69242359980722434365 0.05820775086011469729 0.16758641103431140551 0.09696018106254772340 0.00000000000000000000
9.200000 0.01933324330250497242 0.01465034913967622546 0.68419072687386806031 0.05845682025973751583 0.16536921696202144805 0.09555822410102531028 0.00000000000000000000
9.300000 0.01911596056050766240 0.01445958630405637900 0.67587150507355475693 0.05834106850183719967 0.16119174935879471144 0.09208496660235791775 0.00000000000000000000
9.400000 0.01905582125476383559 0.01436081814576116271 0.66823656386456820044 0.05806847118755294884 0.15630937448461348915 0.08986497538859507250 0.00000000000000000000
9.500000 0.01885554678732736383 0.01424657765690167180 0.66080179404256622622 0.05788811384126139881 0.15208680480785483069 0.08750995129791555582 0.00000000000000000000
9.600000 0.01874883139319285380 0.01414897234161544698 0.65283810214608728462 0.05804617142968591936 0.14974924522864438425 0.08541585848482104171 0.00000000000000000000
9.700000 0.01869343921352262586 0.01404058964509622906 0.64593205908823236872 0.05803219366833532733 0.14660691482649432227 0.08324514365523770498 0.00000000000000000000
9.800000 0.01864482321724203126 0.01410673182798668178 0.63827413636376262307 0.05798365034787333894 0.14339001235520165700 0.08317382859409568063 0.00000000000000000000
9.900000 0.01854222019060899201 0.01403159803714441357 0.63140737238336241965 0.05760133711086412589 0.13866111514524850912 0.08145899043208858215 0.00000000000000000000
10.000000 0.01836775923843901592 0.01383539211304353998 0.62499500873601399054 0.05740264524679476038 0.13496580838725147355 0.07840484348791511293 0.00000000000000000000
